         1          2       0.77       0.00       4.41       0.00       5.18       0.00       0.63       0.00       1.15       0.00       1.78       0.00       3.02       0.00      -3.08       0.00      -0.06       0.00       4.42       0.00       2.48       0.00       6.90       0.00      -0.04       0.00      -8.10       0.00      -8.14       0.00       0.44       0.00       0.47       0.00       0.92       0.00       0.41       0.00      -7.63       0.00      -7.22       0.00       4.83       0.00      -5.15       0.00      -0.32       0.00
         1          2       3.13       0.00       5.08       0.00       8.21       0.00       2.48       0.00       0.99       0.00       3.46       0.00     -80.06       0.00      -0.16       0.00     -80.21       0.00     -74.45       0.00       5.91       0.00     -68.54       0.00     -59.16       0.00      -8.96       0.00     -68.12       0.00       1.54       0.00       0.44       0.00       1.98       0.00     -57.62       0.00      -8.53       0.00     -66.15       0.00    -132.07       0.00      -2.62       0.00    -134.69       0.00
         1          2       8.05       0.00       5.57       0.00      13.62       0.00       2.21       0.00       1.04       0.00       3.25       0.00     -54.62       0.00      -3.15       0.00     -57.77       0.00     -44.37       0.00       3.46       0.00     -40.91       0.00      -7.50       0.00      -5.54       0.00     -13.04       0.00       0.89       0.00       0.44       0.00       1.33       0.00      -6.61       0.00      -5.10       0.00     -11.71       0.00     -50.98       0.00      -1.64       0.00     -52.62       0.00
         1          2       1.39       0.00       4.81       0.00       6.20       0.00       1.01       0.00       0.92       0.00       1.93       0.00       6.09       0.00      -1.53       0.00       4.56       0.00       8.50       0.00       4.20       0.00      12.69       0.00     -59.61       0.00     -12.11       0.00     -71.72       0.00       0.78       0.00       0.44       0.00       1.22       0.00     -58.83       0.00     -11.67       0.00     -70.50       0.00     -50.33       0.00      -7.47       0.00     -57.80       0.00
         1          2       1.19       0.00       4.89       0.00       6.09       0.00       1.05       0.00       1.06       0.00       2.11       0.00       7.09       0.00      -2.96       0.00       4.12       0.00       9.33       0.00       2.99       0.00      12.32       0.00      -1.10       0.00      -7.42       0.00      -8.52       0.00       0.71       0.00       0.45       0.00       1.15       0.00      -0.40       0.00      -6.97       0.00      -7.37       0.00       8.93       0.00      -3.98       0.00       4.95       0.00
         1          2       9.01       0.00       4.92       0.00      13.93       0.00       2.22       0.00       1.09       0.00       3.31       0.00     -54.70       0.00     -13.47       0.00     -68.17       0.00     -43.47       0.00      -7.46       0.00     -50.93       0.00     -16.32       0.00      -9.95       0.00     -26.28       0.00       1.08       0.00       0.44       0.00       1.52       0.00     -15.25       0.00      -9.52       0.00     -24.76       0.00     -58.72       0.00     -16.98       0.00     -75.69       0.00
         1          2       2.05       0.00       4.96       0.00       7.01       0.00       1.81       0.00       1.04       0.00       2.85       0.00      -6.26       0.00      -8.31       0.00     -14.57       0.00      -2.40       0.00      -2.31       0.00      -4.71       0.00     -77.98       0.00     -11.50       0.00     -89.48       0.00       1.00       0.00       0.44       0.00       1.43       0.00     -76.99       0.00     -11.06       0.00     -88.05       0.00     -79.39       0.00     -13.37       0.00     -92.76       0.00
         1          2       1.56       0.00       5.31       0.00       6.87       0.00      -0.04       0.00       1.21       0.00       1.17       0.00      -2.55       0.00      -2.73       0.00      -5.27       0.00      -1.02       0.00       3.79       0.00       2.76       0.00      -0.68       0.00      -6.46       0.00      -7.14       0.00       0.28       0.00       0.39       0.00       0.67       0.00      -0.40       0.00      -6.07       0.00      -6.47       0.00      -1.43       0.00      -2.28       0.00      -3.71       0.00
         1          2      21.37       0.00       5.65       0.00      27.02       0.00       1.43       0.00       0.65       0.00       2.08       0.00      -7.66       0.00       5.16       0.00      -2.50       0.00      15.14       0.00      11.47       0.00      26.60       0.00      -8.77       0.00      -7.86       0.00     -16.62       0.00       1.17       0.00       0.43       0.00       1.60       0.00      -7.60       0.00      -7.42       0.00     -15.02       0.00       7.54       0.00       4.05       0.00      11.59       0.00
         1          2       3.36       0.00       5.32       0.00       8.68       0.00       2.71       0.00       1.59       0.00       4.30       0.00      -0.07       0.00      -9.15       0.00      -9.22       0.00       6.00       0.00      -2.24       0.00       3.76       0.00      -0.26       0.00     -10.12       0.00     -10.38       0.00       1.05       0.00       0.40       0.00       1.45       0.00       0.79       0.00      -9.72       0.00      -8.93       0.00       6.79       0.00     -11.96       0.00      -5.17       0.00
         1          2       2.97       0.00       5.42       0.00       8.39       0.00       2.60       0.00       1.27       0.00       3.88       0.00      -1.21       0.00      -4.66       0.00      -5.87       0.00       4.36       0.00       2.03       0.00       6.39       0.00      -0.14       0.00      -7.55       0.00      -7.70       0.00       1.11       0.00       0.41       0.00       1.52       0.00       0.96       0.00      -7.14       0.00      -6.18       0.00       5.32       0.00      -5.11       0.00       0.21       0.00
         1          2       2.83       0.00       5.35       0.00       8.18       0.00       2.23       0.00       0.93       0.00       3.16       0.00      40.11       0.00       7.26       0.00      47.37       0.00      45.17       0.00      13.54       0.00      58.71       0.00     -65.94       0.00     -12.54       0.00     -78.48       0.00       1.31       0.00       0.44       0.00       1.76       0.00     -64.62       0.00     -12.10       0.00     -76.72       0.00     -19.45       0.00       1.44       0.00     -18.01       0.00
         1          2       1.78       0.00       4.92       0.00       6.70       0.00       1.18       0.00       1.02       0.00       2.20       0.00      -2.37       0.00      -4.97       0.00      -7.34       0.00       0.60       0.00       0.96       0.00       1.56       0.00      -3.29       0.00      -8.20       0.00     -11.49       0.00       1.13       0.00       0.44       0.00       1.57       0.00      -2.16       0.00      -7.77       0.00      -9.92       0.00      -1.56       0.00      -6.80       0.00      -8.36       0.00
         1          2       4.45       0.00       5.72       0.00      10.17       0.00       6.04       0.00       1.08       0.00       7.12       0.00       0.72       0.00      -3.61       0.00      -2.89       0.00      11.20       0.00       3.20       0.00      14.40       0.00      -1.96       0.00      -5.89       0.00      -7.85       0.00       1.36       0.00       0.43       0.00       1.79       0.00      -0.60       0.00      -5.46       0.00      -6.06       0.00      10.60       0.00      -2.26       0.00       8.34       0.00
         1          2       6.99       0.00       8.07       0.00      15.07       0.00       0.25       0.00       1.54       0.00       1.79       0.00       0.81       0.00      -7.27       0.00      -6.46       0.00       8.05       0.00       2.34       0.00      10.39       0.00      -1.29       0.00      -5.91       0.00      -7.20       0.00       0.87       0.00       0.30       0.00       1.17       0.00      -0.42       0.00      -5.60       0.00      -6.02       0.00       7.63       0.00      -3.26       0.00       4.37       0.00
         1          2       1.23       0.00       4.88       0.00       6.11       0.00       1.01       0.00       1.12       0.00       2.12       0.00       3.12       0.00      -6.83       0.00      -3.71       0.00       5.36       0.00      -0.83       0.00       4.52       0.00      -4.66       0.00      -8.94       0.00     -13.60       0.00       0.58       0.00       0.46       0.00       1.03       0.00      -4.09       0.00      -8.48       0.00     -12.57       0.00       1.27       0.00      -9.31       0.00      -8.04       0.00
         1          2       2.90       0.00       5.19       0.00       8.10       0.00       1.55       0.00       1.52       0.00       3.07       0.00     -17.15       0.00     -22.47       0.00     -39.62       0.00     -12.69       0.00     -15.75       0.00     -28.45       0.00      -5.65       0.00      -7.86       0.00     -13.51       0.00       0.78       0.00       0.42       0.00       1.20       0.00      -4.87       0.00      -7.43       0.00     -12.31       0.00     -17.57       0.00     -23.19       0.00     -40.76       0.00
         1          2       5.78       0.00       6.55       0.00      12.33       0.00       5.69       0.00       1.09       0.00       6.78       0.00       6.44       0.00      -0.72       0.00       5.72       0.00      17.91       0.00       6.91       0.00      24.82       0.00      -5.76       0.00      -5.35       0.00     -11.11       0.00       1.67       0.00       0.39       0.00       2.06       0.00      -4.09       0.00      -4.95       0.00      -9.05       0.00      13.82       0.00       1.96       0.00      15.78       0.00
         1          2       4.66       0.00       6.11       0.00      10.77       0.00       6.49       0.00       1.24       0.00       7.73       0.00      -8.65       0.00       1.60       0.00      -7.05       0.00       2.50       0.00       8.95       0.00      11.45       0.00      -4.99       0.00      -7.02       0.00     -12.01       0.00       1.45       0.00       0.42       0.00       1.87       0.00      -3.55       0.00      -6.60       0.00     -10.14       0.00      -1.04       0.00       2.35       0.00       1.31       0.00
         1          2       2.12       0.00       5.09       0.00       7.21       0.00       1.75       0.00       1.58       0.00       3.33       0.00       1.63       0.00      -6.79       0.00      -5.16       0.00       5.50       0.00      -0.12       0.00       5.38       0.00      -0.16       0.00      -6.41       0.00      -6.57       0.00       0.88       0.00       0.41       0.00       1.28       0.00       0.71       0.00      -6.00       0.00      -5.29       0.00       6.21       0.00      -6.12       0.00       0.09       0.00
