    
   33
   1.9730000   0.9920000  -0.0010000   1.9660000   2.0810000  -0.0010000
   1.4390000   2.4420000   0.8810000   1.4600000   2.4420000  -0.8960000
   3.3910000   2.6020000   0.0200000   4.3310000   1.8140000   0.1250000
   3.5340000   3.9280000  -0.0610000   2.6830000   4.4750000  -0.1040000
   4.7940000   4.6940000  -0.0320000   5.2690000   4.4510000   0.9180000
   5.7470000   4.2390000  -1.1720000   5.8250000   3.1560000  -1.2060000
   5.3070000   4.5540000  -2.1190000   7.1750000   4.7660000  -1.1110000
   7.9790000   4.7200000  -2.2630000   7.6350000   4.1920000  -3.1440000
   9.2290000   5.3700000  -2.2770000   9.8590000   5.3120000  -3.1540000
   9.6320000   6.1450000  -1.1650000  10.8020000   6.8370000  -1.1790000
  11.2990000   6.7030000  -1.9930000   8.8430000   6.1600000  -0.0010000
   9.1550000   6.7390000   0.8580000   7.6940000   5.3640000   0.0600000
   7.1600000   5.3260000   0.9990000   4.5260000   6.2350000  -0.0280000
   3.3770000   6.6710000   0.0620000   5.5660000   7.0740000  -0.1200000
   6.4580000   6.6510000  -0.2890000   5.6150000   8.5210000  -0.0160000
   4.6160000   8.9540000   0.0060000   6.1530000   8.8000000   0.8930000
   6.1620000   8.9190000  -0.8730000
